R 111
0	127	112	262	173	181	137	171	104	368	105	115	274	238	135	108	120	170	252	234	264	187	172	520	119	127	155	132	128	359	195	103	113	130	198	130	112	164	137	268	202	205	130	140	260	128	136	172	117	187	307	730	0	
127	724	139	182	126	180	194	156	119	240	243	335	134	226	268	125	134	185	279	555	138	273	105	145	109	140	363	118	169	267	173	115	292	376	160	211	215	135	116	225	232	106	151	257	164	343	166	148	141	118	364	280	0	
112	139	242	118	222	149	153	292	138	211	111	180	107	262	280	126	172	217	161	154	242	262	322	190	134	218	281	132	154	108	397	117	340	111	321	126	347	658	202	178	499	162	129	165	178	143	411	103	156	226	175	117	0	
262	182	118	142	138	197	136	184	140	411	225	175	135	195	121	170	253	132	207	122	148	303	133	111	149	216	164	235	199	203	140	349	197	204	353	203	143	151	374	310	476	202	174	130	109	110	240	103	145	168	163	222	0	
173	126	222	138	0	155	121	141	189	376	126	389	337	238	124	194	106	207	216	285	160	266	131	117	184	130	193	184	141	138	593	134	365	161	126	339	272	108	217	493	213	119	142	188	134	242	123	140	117	106	101	160	0	
181	180	149	197	155	151	216	414	176	258	193	180	121	234	225	196	150	271	201	334	432	190	381	130	200	154	119	177	168	271	102	122	310	267	249	298	120	115	202	254	357	105	139	387	164	129	232	126	122	248	110	109	0	
137	194	153	136	121	216	136	294	277	190	250	109	249	114	103	120	349	130	117	122	122	174	138	200	103	180	138	204	107	112	105	249	141	223	233	329	150	107	198	109	116	165	151	141	132	118	229	101	291	188	168	208	0	
171	156	292	184	141	414	294	246	160	106	157	204	108	101	140	114	106	265	180	203	237	122	179	117	268	193	131	144	119	320	183	337	259	246	133	101	144	105	105	167	122	274	138	224	149	278	376	115	216	280	205	174	0	
104	119	138	140	189	176	277	160	108	127	159	130	149	176	161	292	483	116	446	389	133	240	173	219	101	170	226	119	224	112	138	173	203	124	263	122	106	234	179	252	198	103	393	275	169	105	175	206	257	116	105	339	0	
368	240	211	411	376	258	190	106	127	286	116	245	145	145	125	121	374	103	147	111	118	206	133	151	131	182	126	457	113	265	328	180	140	133	104	111	118	242	250	273	104	135	350	308	158	102	129	437	164	177	160	160	0	
105	243	111	225	126	193	250	157	159	116	154	135	103	286	492	170	178	223	129	110	113	279	197	294	109	232	178	169	111	199	123	145	451	316	126	219	152	259	204	208	136	290	156	264	173	138	115	102	130	155	210	170	0	
115	335	180	175	389	180	109	204	130	245	135	539	213	220	117	103	332	111	203	295	195	141	355	208	150	205	387	126	186	346	244	179	138	125	208	184	295	211	136	286	113	104	642	248	137	130	293	125	129	315	218	104	0	
274	134	107	135	337	121	249	108	149	145	103	213	231	183	272	161	232	281	198	118	198	189	197	200	187	212	152	240	104	185	101	221	128	346	111	154	234	139	262	245	230	118	293	295	219	130	0	172	139	142	183	190	0	
238	226	262	195	238	234	114	101	176	145	286	220	183	230	111	198	547	127	139	302	209	126	244	152	148	118	161	143	137	121	123	127	332	183	115	306	140	238	283	263	266	146	227	238	109	161	215	101	476	164	149	111	0	
135	268	280	121	124	225	103	140	161	125	492	117	272	111	406	168	170	237	172	229	311	304	112	147	101	199	164	213	124	676	104	194	115	159	427	174	105	275	152	194	135	211	406	314	233	120	159	126	284	182	103	136	0	
108	125	126	170	194	196	120	114	292	121	170	103	161	198	168	108	228	120	115	110	115	123	184	392	167	136	102	120	178	211	156	105	104	101	168	181	611	407	192	191	195	277	106	123	101	114	166	145	256	209	298	146	0	
120	134	172	253	106	150	349	106	483	374	178	332	232	547	170	228	163	280	107	299	411	188	137	108	179	219	379	221	101	105	280	151	133	133	340	160	352	103	291	115	188	134	117	148	125	124	147	263	307	127	411	191	0	
170	185	217	132	207	271	130	265	116	103	223	111	281	127	237	120	280	411	176	428	115	145	105	149	153	111	106	171	144	420	102	151	106	144	142	165	106	305	310	151	123	130	114	326	159	496	124	137	184	199	178	113	0	
252	279	161	207	216	201	117	180	446	147	129	203	198	139	172	115	107	176	751	268	149	259	108	170	240	138	394	181	115	139	178	383	170	375	167	202	340	160	137	136	139	115	256	144	122	177	166	121	156	105	242	335	0	
234	555	154	122	285	334	122	203	389	111	110	295	118	302	229	110	299	428	268	305	234	178	265	142	110	210	179	140	210	160	101	191	218	109	114	332	200	144	121	168	152	157	122	217	158	189	177	122	206	215	192	109	0	
264	138	242	148	160	432	122	237	133	118	113	195	198	209	311	115	411	115	149	234	226	183	133	363	150	210	141	107	167	206	279	146	162	208	208	157	142	280	156	207	143	393	283	103	384	124	197	625	190	137	107	216	0	
187	273	262	303	266	190	174	122	240	206	279	141	189	126	304	123	188	145	259	178	183	119	156	114	154	224	193	198	318	436	364	150	324	162	301	150	208	121	701	175	119	394	458	125	136	125	125	185	124	118	238	125	0	
172	105	322	133	131	381	138	179	173	133	197	355	197	244	112	184	137	105	108	265	133	156	303	166	144	177	344	212	218	130	121	156	164	288	114	125	215	336	105	110	180	177	160	103	101	190	147	123	190	104	226	270	0	
520	145	190	111	117	130	200	117	219	151	294	208	200	152	147	392	108	149	170	142	363	114	166	338	123	133	101	279	707	151	131	242	109	140	295	200	283	121	139	127	126	218	272	344	163	161	118	349	215	118	107	141	0	
119	109	134	149	184	200	103	268	101	131	109	150	187	148	101	167	179	153	240	110	150	154	144	123	362	128	156	101	197	122	167	210	108	170	123	132	154	127	115	162	185	147	128	337	181	153	124	130	170	150	138	141	0	
127	140	218	216	130	154	180	193	170	182	232	205	212	118	199	136	219	111	138	210	210	224	177	133	128	105	212	160	179	210	111	128	207	108	135	114	211	179	111	172	125	141	157	116	132	106	221	158	239	225	108	101	0	
155	363	281	164	193	119	138	131	226	126	178	387	152	161	164	102	379	106	394	179	141	193	344	101	156	212	179	101	119	165	162	187	263	104	119	101	125	251	253	251	141	170	184	126	133	280	284	212	127	204	108	190	0	
132	118	132	235	184	177	204	144	119	457	169	126	240	143	213	120	221	171	181	140	107	198	212	279	101	160	101	685	131	243	486	277	169	217	111	160	102	147	173	282	126	169	143	140	148	116	246	129	116	689	146	103	0	
128	169	154	199	141	168	107	119	224	113	111	186	104	137	124	178	101	144	115	210	167	318	218	707	197	179	119	131	257	168	118	124	125	319	295	112	121	133	118	111	209	153	360	204	107	159	338	132	150	146	175	249	0	
359	267	108	203	138	271	112	320	112	265	199	346	185	121	676	211	105	420	139	160	206	436	130	151	122	210	165	243	168	726	437	170	227	675	257	297	250	187	193	278	118	130	155	327	245	159	194	208	147	127	102	116	0	
195	173	397	140	593	102	105	183	138	328	123	244	101	123	104	156	280	102	178	101	279	364	121	131	167	111	162	486	118	437	682	170	171	450	157	105	329	191	167	142	231	304	112	137	112	301	117	329	185	114	267	560	0	
103	115	117	349	134	122	249	337	173	180	145	179	221	127	194	105	151	151	383	191	146	150	156	242	210	128	187	277	124	170	170	235	202	157	113	117	120	115	162	224	147	247	123	103	273	144	113	183	252	390	176	137	0	
113	292	340	197	365	310	141	259	203	140	451	138	128	332	115	104	133	106	170	218	162	324	164	109	108	207	263	169	125	227	171	202	205	163	225	139	101	171	118	139	224	346	152	127	125	296	127	151	139	154	397	141	0	
130	376	111	204	161	267	223	246	124	133	316	125	346	183	159	101	133	144	375	109	208	162	288	140	170	108	104	217	319	675	450	157	163	134	474	136	229	175	109	218	105	109	425	272	216	101	113	144	239	235	194	190	0	
198	160	321	353	126	249	233	133	263	104	126	208	111	115	427	168	340	142	167	114	208	301	114	295	123	135	119	111	295	257	157	113	225	474	431	156	136	108	225	131	286	267	116	126	153	180	250	203	402	124	150	142	0	
130	211	126	203	339	298	329	101	122	111	219	184	154	306	174	181	160	165	202	332	157	150	125	200	132	114	101	160	112	297	105	117	139	136	156	464	174	223	111	385	146	328	113	229	158	172	133	166	167	228	112	389	0	
112	215	347	143	272	120	150	144	106	118	152	295	234	140	105	611	352	106	340	200	142	208	215	283	154	211	125	102	121	250	329	120	101	229	136	174	142	194	381	149	641	324	149	340	241	363	249	127	196	155	103	149	0	
164	135	658	151	108	115	107	105	234	242	259	211	139	238	275	407	103	305	160	144	280	121	336	121	127	179	251	147	133	187	191	115	171	175	108	223	194	223	140	130	238	276	134	147	102	193	107	223	185	152	104	313	0	
137	116	202	374	217	202	198	105	179	250	204	136	262	283	152	192	291	310	137	121	156	701	105	139	115	111	253	173	118	193	167	162	118	109	225	111	381	140	395	103	135	292	133	460	190	291	196	376	336	286	246	173	0	
268	225	178	310	493	254	109	167	252	273	208	286	245	263	194	191	115	151	136	168	207	175	110	127	162	172	251	282	111	278	142	224	139	218	131	385	149	130	103	169	376	277	156	135	362	107	226	301	131	134	137	177	0	
202	232	499	476	213	357	116	122	198	104	136	113	230	266	135	195	188	123	139	152	143	119	180	126	185	125	141	126	209	118	231	147	224	105	286	146	641	238	135	376	119	159	110	434	141	164	153	228	553	126	276	120	0	
205	106	162	202	119	105	165	274	103	135	290	104	118	146	211	277	134	130	115	157	393	394	177	218	147	141	170	169	153	130	304	247	346	109	267	328	324	276	292	277	159	106	166	167	108	234	197	205	174	211	132	209	0	
130	151	129	174	142	139	151	138	393	350	156	642	293	227	406	106	117	114	256	122	283	458	160	272	128	157	184	143	360	155	112	123	152	425	116	113	149	134	133	156	110	166	179	157	128	107	150	221	111	108	121	311	0	
140	257	165	130	188	387	141	224	275	308	264	248	295	238	314	123	148	326	144	217	103	125	103	344	337	116	126	140	204	327	137	103	127	272	126	229	340	147	460	135	434	167	157	215	215	220	415	209	137	178	213	271	0	
260	164	178	109	134	164	132	149	169	158	173	137	219	109	233	101	125	159	122	158	384	136	101	163	181	132	133	148	107	245	112	273	125	216	153	158	241	102	190	362	141	108	128	215	281	147	226	391	130	136	200	225	0	
128	343	143	110	242	129	118	278	105	102	138	130	130	161	120	114	124	496	177	189	124	125	190	161	153	106	280	116	159	159	301	144	296	101	180	172	363	193	291	107	164	234	107	220	147	262	177	112	240	156	201	138	0	
136	166	411	240	123	232	229	376	175	129	115	293	0	215	159	166	147	124	166	177	197	125	147	118	124	221	284	246	338	194	117	113	127	113	250	133	249	107	196	226	153	197	150	415	226	177	483	166	104	124	143	432	0	
172	148	103	103	140	126	101	115	206	437	102	125	172	101	126	145	263	137	121	122	625	185	123	349	130	158	212	129	132	208	329	183	151	144	203	166	127	223	376	301	228	205	221	209	391	112	166	288	106	101	241	246	0	
117	141	156	145	117	122	291	216	257	164	130	129	139	476	284	256	307	184	156	206	190	124	190	215	170	239	127	116	150	147	185	252	139	239	402	167	196	185	336	131	553	174	111	137	130	240	104	106	129	143	131	160	0	
187	118	226	168	106	248	188	280	116	177	155	315	142	164	182	209	127	199	105	215	137	118	104	118	150	225	204	689	146	127	114	390	154	235	124	228	155	152	286	134	126	211	108	178	136	156	124	101	143	0	149	239	0	
307	364	175	163	101	110	168	205	105	160	210	218	183	149	103	298	411	178	242	192	107	238	226	107	138	108	108	146	175	102	267	176	397	194	150	112	103	104	246	137	276	132	121	213	200	201	143	241	131	149	352	147	0	
730	280	117	222	160	109	208	174	339	160	170	104	190	111	136	146	191	113	335	109	216	125	270	141	141	101	190	103	249	116	560	137	141	190	142	389	149	313	173	177	120	209	311	271	225	138	432	246	160	239	147	384	0	
0	0	0	0	0	0	0	0	0	0	0	0	0	0	0	0	0	0	0	0	0	0	0	0	0	0	0	0	0	0	0	0	0	0	0	0	0	0	0	0	0	0	0	0	0	0	0	0	0	0	0	0	0	
